Confusion Matrix for Test Set:
[[486   5   5   0   0   0   0   0   0   0   0   0]
 [ 43 420   6   0   0   0   0   0   0   0   2   0]
 [  9  37 374   0   0   0   0   0   0   0   0   0]
 [  0   0   0 444  62   0   0   1   1   0   0   0]
 [  0   0   0  34 522   0   0   0   0   0   0   0]
 [  0   0   0   0   0 545   0   0   0   0   0   0]
 [  0   3   0   1   1   0  18   0   0   0   0   0]
 [  0   0   0   0   0   0   0  10   0   0   0   0]
 [  0   0   0   0   0   0   0   0  24   0   8   0]
 [  0   0   0   0   0   0   0   1   0  18   0   6]
 [  2   0   0   1   0   0   0   0   7   0  38   1]
 [  1   0   0   0   0   0   0   1   0   9   1  15]]

Classification Report for Training Set:
              precision    recall  f1-score   support

           0       1.00      1.00      1.00      1226
           1       1.00      1.00      1.00      1073
           2       1.00      1.00      1.00       987
           3       1.00      1.00      1.00      1293
           4       1.00      1.00      1.00      1423
           5       1.00      1.00      1.00      1413
           6       1.00      1.00      1.00        47
           7       1.00      1.00      1.00        23
           8       1.00      1.00      1.00        75
           9       1.00      1.00      1.00        60
          10       1.00      1.00      1.00        90
          11       1.00      1.00      1.00        57

    accuracy                           1.00      7767
   macro avg       1.00      1.00      1.00      7767
weighted avg       1.00      1.00      1.00      7767


Classification Report for Test Set:
              precision    recall  f1-score   support

           0       0.90      0.98      0.94       496
           1       0.90      0.89      0.90       471
           2       0.97      0.89      0.93       420
           3       0.93      0.87      0.90       508
           4       0.89      0.94      0.91       556
           5       1.00      1.00      1.00       545
           6       1.00      0.78      0.88        23
           7       0.77      1.00      0.87        10
           8       0.75      0.75      0.75        32
           9       0.67      0.72      0.69        25
          10       0.78      0.78      0.78        49
          11       0.68      0.56      0.61        27

    accuracy                           0.92      3162
   macro avg       0.85      0.85      0.85      3162
weighted avg       0.92      0.92      0.92      3162
